round: 0
(array([4981,    1,    6,    7,    5]), array([0, 1, 2, 3, 4, 5]))
[[4980    0    0    0    1    0]
 [   0    1    0    0    0    0]
 [   0    0    6    0    0    0]
 [   0    0    0    7    0    0]
 [   0    0    0    0    3    0]
 [   0    0    0    0    0    2]]
kappa: 0.974295437954
round: 1
(array([4980,    1,    6,    7,    6]), array([0, 1, 2, 3, 4, 5]))
[[4980    0    0    0    0    0]
 [   0    1    0    0    0    0]
 [   0    0    6    0    0    0]
 [   0    0    0    7    0    0]
 [   0    0    0    0    4    0]
 [   0    0    0    0    0    2]]
kappa: 1.0
round: 2
(array([4980,    1,    6,    7,    6]), array([0, 1, 2, 3, 4, 5]))
[[4977    2    0    0    1    0]
 [   0    1    0    0    0    0]
 [   0    0    6    0    0    0]
 [   0    0    0    7    0    0]
 [   0    0    0    0    4    0]
 [   0    0    0    0    0    2]]
kappa: 0.930046449158
round: 3
(array([4977,    3,    6,    7,    7]), array([0, 1, 2, 3, 4, 5]))
[[4977    0    0    0    0    0]
 [   0    3    0    0    0    0]
 [   0    0    6    0    0    0]
 [   0    0    0    7    0    0]
 [   0    0    0    0    5    0]
 [   0    0    0    0    0    2]]
kappa: 1.0
round: 4
(array([4977,    3,    6,    7,    7]), array([0, 1, 2, 3, 4, 5]))
[[4972    0    3    1    1    0]
 [   0    3    0    0    0    0]
 [   0    0    6    0    0    0]
 [   0    0    0    7    0    0]
 [   0    0    0    0    5    0]
 [   0    0    0    0    0    2]]
kappa: 0.901653402989
round: 5
(array([4972,    3,    9,    8,    8]), array([0, 1, 2, 3, 4, 5]))
[[4972    0    0    0    0    0]
 [   0    3    0    0    0    0]
 [   0    0    9    0    0    0]
 [   0    0    0    8    0    0]
 [   0    0    0    0    6    0]
 [   0    0    0    0    0    2]]
kappa: 1.0
round: 6
(array([4972,    3,    9,    8,    8]), array([0, 1, 2, 3, 4, 5]))
[[4968    0    1    2    1    0]
 [   0    3    0    0    0    0]
 [   0    0    9    0    0    0]
 [   0    0    0    8    0    0]
 [   0    0    0    0    6    0]
 [   0    0    0    0    0    2]]
kappa: 0.933083287886
round: 7
(array([4968,    3,   10,   10,    9]), array([0, 1, 2, 3, 4, 5]))
[[4968    0    0    0    0    0]
 [   0    3    0    0    0    0]
 [   0    0   10    0    0    0]
 [   0    0    0   10    0    0]
 [   0    0    0    0    7    0]
 [   0    0    0    0    0    2]]
kappa: 1.0
round: 8
(array([4968,    3,   10,   10,    9]), array([0, 1, 2, 3, 4, 5]))
[[4968    0    0    0    0    0]
 [   0    3    0    0    0    0]
 [   0    0   10    0    0    0]
 [   0    0    0   10    0    0]
 [   0    0    0    0    7    0]
 [   0    0    0    0    0    2]]
kappa: 1.0
round: 9
(array([4968,    3,   10,   10,    9]), array([0, 1, 2, 3, 4, 5]))
[[4965    1    0    0    2    0]
 [   0    3    0    0    0    0]
 [   0    0   10    0    0    0]
 [   0    0    0   10    0    0]
 [   0    0    0    0    7    0]
 [   0    0    0    0    0    2]]
kappa: 0.955036106007
round: 10
(array([4965,    4,   10,   10,   11]), array([0, 1, 2, 3, 4, 5]))
[[4965    0    0    0    0    0]
 [   0    4    0    0    0    0]
 [   0    0   10    0    0    0]
 [   0    0    0   10    0    0]
 [   0    0    0    0    9    0]
 [   0    0    0    0    0    2]]
kappa: 1.0
round: 11
(array([4965,    4,   10,   10,   11]), array([0, 1, 2, 3, 4, 5]))
[[4964    1    0    0    0    0]
 [   0    4    0    0    0    0]
 [   0    0   10    0    0    0]
 [   0    0    0   10    0    0]
 [   0    0    0    0    9    0]
 [   0    0    0    0    0    2]]
kappa: 0.985853127166
round: 12
(array([4964,    5,   10,   10,   11]), array([0, 1, 2, 3, 4, 5]))
[[4964    0    0    0    0    0]
 [   0    5    0    0    0    0]
 [   0    0   10    0    0    0]
 [   0    0    0   10    0    0]
 [   0    0    0    0    9    0]
 [   0    0    0    0    0    2]]
kappa: 1.0
round: 13
(array([4964,    5,   10,   10,   11]), array([0, 1, 2, 3, 4, 5]))
[[4961    0    0    0    3    0]
 [   0    5    0    0    0    0]
 [   0    0   10    0    0    0]
 [   0    0    0   10    0    0]
 [   0    0    0    0    9    0]
 [   0    0    0    0    0    2]]
kappa: 0.959813427138
round: 14
(array([4961,    5,   10,   10,   14]), array([0, 1, 2, 3, 4, 5]))
[[4961    0    0    0    0    0]
 [   0    5    0    0    0    0]
 [   0    0   10    0    0    0]
 [   0    0    0   10    0    0]
 [   0    0    0    0   12    0]
 [   0    0    0    0    0    2]]
kappa: 1.0
round: 15
(array([4961,    5,   10,   10,   14]), array([0, 1, 2, 3, 4, 5]))
[[4961    0    0    0    0    0]
 [   0    5    0    0    0    0]
 [   0    0   10    0    0    0]
 [   0    0    0   10    0    0]
 [   0    0    0    0   12    0]
 [   0    0    0    0    0    2]]
kappa: 1.0
round: 16
(array([4961,    5,   10,   10,   14]), array([0, 1, 2, 3, 4, 5]))
[[4960    1    0    0    0    0]
 [   0    5    0    0    0    0]
 [   0    0   10    0    0    0]
 [   0    0    0   10    0    0]
 [   0    0    0    0   12    0]
 [   0    0    0    0    0    2]]
kappa: 0.987279360508
